-0.15345220267772675 0.0 -0.08107145875692368
-0.15345220267772675 0.0 -0.08107145875692368
-0.15345220267772675 0.0 -0.08107145875692368
-0.026195570826530457 0.0 -0.18875093758106232
-0.026195570826530457 0.0 -0.18875093758106232
-0.026195570826530457 0.0 -0.18875093758106232
0.127595916390419 0.0 -0.08092126995325089
0.127595916390419 0.0 -0.08092126995325089
0.127595916390419 0.0 -0.08092126995325089
0.2574346661567688 0.0 0.05378841608762741
0.2574346661567688 0.0 0.05378841608762741
0.2574346661567688 0.0 0.05378841608762741
0.16879409551620483 0.0 0.19765864312648773
0.16879409551620483 0.0 0.19765864312648773
0.16879409551620483 0.0 0.19765864312648773
0.04649008437991142 0.0 0.32330814003944397
0.04649008437991142 0.0 0.32330814003944397
0.04649008437991142 0.0 0.32330814003944397
-0.13496628403663635 0.0 0.28134840726852417
-0.13496628403663635 0.0 0.28134840726852417
-0.13496628403663635 0.0 0.28134840726852417
-0.19134590029716492 0.0 0.09655991941690445
-0.19134590029716492 0.0 0.09655991941690445
-0.19134590029716492 0.0 0.09655991941690445
-0.23640146851539612 0.0 -0.34038272500038147
-0.23640146851539612 0.0 -0.34038272500038147
-0.23640146851539612 0.0 -0.34038272500038147
0.105051688849926 0.0 -0.2847157418727875
0.105051688849926 0.0 -0.2847157418727875
0.105051688849926 0.0 -0.2847157418727875
0.35922205448150635 0.0 -0.006694647949188948
0.35922205448150635 0.0 -0.006694647949188948
0.35922205448150635 0.0 -0.006694647949188948
0.4477391839027405 0.0 0.23713861405849457
0.4477391839027405 0.0 0.23713861405849457
0.4477391839027405 0.0 0.23713861405849457
0.2695794403553009 0.0 0.5759141445159912
0.2695794403553009 0.0 0.5759141445159912
0.2695794403553009 0.0 0.5759141445159912
-0.10104206204414368 0.0 0.6458772420883179
-0.10104206204414368 0.0 0.6458772420883179
-0.10104206204414368 0.0 0.6458772420883179
-0.33216920495033264 0.0 0.3804355561733246
-0.33216920495033264 0.0 0.3804355561733246
-0.33216920495033264 0.0 0.3804355561733246
-0.40015333890914917 0.0 0.0009063287870958447
-0.40015333890914917 0.0 0.0009063287870958447
-0.40015333890914917 0.0 0.0009063287870958447
-0.46035662293434143 0.0 -0.24321435391902924
-0.46035662293434143 0.0 -0.24321435391902924
-0.46035662293434143 0.0 -0.24321435391902924
-0.07858671247959137 0.0 -0.5662528872489929
-0.07858671247959137 0.0 -0.5662528872489929
-0.07858671247959137 0.0 -0.5662528872489929
0.3827877342700958 0.0 -0.24276383221149445
0.3827877342700958 0.0 -0.24276383221149445
0.3827877342700958 0.0 -0.24276383221149445
0.7723040580749512 0.0 0.16136524081230164
0.7723040580749512 0.0 0.16136524081230164
0.7723040580749512 0.0 0.16136524081230164
0.5063823461532593 0.0 0.592975914478302
0.5063823461532593 0.0 0.592975914478302
0.5063823461532593 0.0 0.592975914478302
0.13947026431560516 0.0 0.9699243903160095
0.13947026431560516 0.0 0.9699243903160095
0.13947026431560516 0.0 0.9699243903160095
-0.40489888191223145 0.0 0.8440452218055725
-0.40489888191223145 0.0 0.8440452218055725
-0.40489888191223145 0.0 0.8440452218055725
-0.5740376710891724 0.0 0.28967976570129395
-0.5740376710891724 0.0 0.28967976570129395
-0.5740376710891724 0.0 0.28967976570129395
